0.0066
0.01361
0.01366
0.0137
0.01374
0.01378
0.01383
0.01387
0.01391
0.01394
0.01398
0.01401
0.01405
0.01408
0.0141
0.0141
0.01412
0.01414
0.01419
0.01419
0.01411
0.01399
0.01396
0.0141
0.01425
0.01413
0.01383
0.01355
0.01346
0.01356
0.01393
0.01391
0.01355
0.01316
0.01263
0.01265
0.01359
0.01351
0.01151
0.00964
0.01161
0.01404
0.01276
0.01049
0.00998
0.00922
0.00966
0.01153
0.01171
0.00818
0.00292
0.00346
0.00967
0.01294
0.0076
-0.00207
-0.00755
-0.00332
0.00603
0.00855
0.00607
0.0014
-0.00329
-0.0026
0.00345
0.00794
0.00476
-0.00233
-0.00844
-0.00782
0.00078
0.00712
0.00191
-0.00462
-0.00157
-0.00104
-0.0108
-0.01706
-0.0165
-0.0064
0.00419
-0.00037
-0.0115
-0.02157
-0.02391
-0.01572
-0.00257
0.00681
0.01402
0.013
-0.00348
-0.02177
-0.035
-0.03524
-0.02104
-0.011
-0.00811
-0.01363
-0.02895
-0.01745
0.00454
-0.00242
-0.01525
-0.00935
-0.00449
-0.02052
-0.03427
-0.02871
-0.0088
0.00776
0.00064
-0.01655
-0.02824
-0.0272
-0.02187
-0.02487
-0.01554
0.00646
0.00624
-0.01993
-0.04431
-0.04281
-0.0252
-0.00247
0.00988
0.00371
-0.00624
-0.00902
-0.00861
-0.01839
-0.03176
-0.0319
-0.02014
-0.00731
0.00374
-0.00197
-0.01188
-0.00824
0.00428
0.01545
0.01007
-0.01755
-0.03489
-0.02452
-0.01627
-0.01751
-0.00947
-0.00045
0.0026
-0.00428
-0.02419
-0.03207
-0.02581
-0.0136
0.01074
0.0142
-0.02028
-0.05739
-0.05456
-0.03323
-0.02551
-0.0096
0.00984
0.00049
-0.01314
0.0034
0.03918
0.03704
-0.01055
-0.0399
-0.03632
-0.03957
-0.02834
0.00913
0.01705
-0.00895
-0.01623
0.00038
0.00884
0.00602
0.013
0.01613
0.00515
-0.00396
-0.00282
0.00005
-0.00821
-0.02851
-0.03991
-0.04375
-0.02692
0.00919
0.02109
0.00454
-0.01248
-0.0116
-0.00817
-0.01075
-0.0095
0.00613
0.00933
-0.00166
-0.00984
-0.01386
-0.00585
0.00917
0.00119
-0.02415
-0.03054
-0.01006
0.02103
0.02643
0.00996
-0.00381
-0.01346
-0.02294
-0.01005
0.015
0.01347
-0.0092
-0.02514
-0.02427
-0.00314
0.02505
0.02503
0.00355
-0.01596
-0.02028
-0.01621
-0.00805
-0.00175
-0.0071
-0.01412
-0.00634
0.00931
0.00337
-0.01845
-0.01523
0.02153
0.04451
0.03068
0.00324
-0.01325
-0.01047
-0.01986
-0.01795
0.01529
0.02383
0.00327
-0.02526
-0.0405
-0.01266
0.03332
0.04244
0.02709
0.01197
-0.00333
-0.01652
-0.01994
-0.01547
-0.00842
0.00248
0.00907
-0.00143
-0.01186
0.00328
0.01896
0.0244
0.02829
0.02898
0.01671
-0.01458
-0.03687
-0.03916
-0.0249
0.00714
0.02416
0.00724
-0.01592
-0.02044
-0.01752
-0.0075
0.02687
0.04773
0.01868
-0.02919
-0.04942
-0.02858
0.0121
0.04529
0.05554
0.01215
-0.03569
-0.03996
-0.01115
0.04413
0.06162
0.00279
-0.04172
-0.02618
0.01992
0.05701
0.03414
-0.01127
-0.01164
0.00585
-0.01889
-0.04884
-0.02199
0.047
0.06621
0.00252
-0.05192
-0.02698
0.03549
0.06782
0.03696
-0.01956
-0.04498
-0.04485
-0.02425
0.02208
0.04869
0.03785
0.02364
0.00546
-0.001
0.00723
0.01759
0.03081
0.0286
-0.0106
-0.0447
-0.03817
0.00936
0.04845
0.03675
-0.00988
-0.0328
-0.01399
0.01403
0.02485
0.03721
0.05022
0.01565
-0.01424
0.02077
0.05499
0.02682
-0.02605
-0.03589
-0.00405
0.04112
0.05164
0.01435
-0.02635
-0.01888
0.04825
0.13071
0.1315
0.04707
-0.02347
-0.04045
-0.02478
0.01449
0.03646
0.00384
-0.0443
-0.03165
0.03789
0.0721
0.06786
0.07268
0.03442
-0.03959
-0.06825
-0.01403
0.09152
0.10905
0.0019
-0.06218
-0.03288
0.02652
0.1087
0.1045
-0.03185
-0.13128
-0.12392
0.00668
0.20547
0.18761
-0.01899
-0.12598
-0.07649
-0.02361
0.00897
0.0666
0.09225
0.02207
-0.10581
-0.20125
-0.10214
0.07394
0.14247
0.09601
-0.01886
-0.08785
-0.09638
-0.05093
0.07172
0.14612
0.07305
-0.03459
-0.04894
0.02949
0.15155
0.22557
0.20647
0.1408
0.11989
0.13218
0.14879
0.16452
0.18144
0.12834
-0.09057
-0.26486
-0.2705
-0.20032
-0.10823
-0.00357
0.04021
0.00352
-0.01553
0.04881
0.12463
0.13594
0.0953
-0.00234
-0.11669
-0.16299
-0.17061
-0.15736
-0.09781
-0.05658
-0.06495
-0.06145
-0.00112
0.13347
0.22557
0.10194
-0.09967
-0.13118
-0.00282
0.12184
0.12997
0.04978
-0.01189
-0.00262
0.02016
0.04075
0.07894
0.08047
0.0224
-0.01516
0.00451
0.03173
0.03678
0.02033
-0.01665
-0.06056
-0.09495
-0.10358
-0.08331
-0.03268
0.0248
0.00249
-0.08941
-0.11599
-0.08447
-0.03993
0.03561
0.05209
-0.021
-0.05825
-0.01083
0.08096
0.16772
0.13222
-0.00071
-0.07779
-0.05289
-0.01213
0.01849
0.04318
0.0655
0.07197
0.05723
0.03854
0.04014
0.05602
0.05192
0.02472
0.01423
0.02711
0.04659
0.06619
0.07074
0.0476
0.03997
0.05009
0.04694
0.01683
-0.02345
-0.06419
-0.09461
-0.12358
-0.1591
-0.14047
-0.05877
-0.01056
-0.04159
-0.11232
-0.14113
-0.10606
-0.05381
-0.01826
-0.00198
-0.00486
-0.04871
-0.07051
-0.05887
0.05049
0.26173
0.26093
0.06735
-0.05992
-0.03936
0.04764
0.13947
0.13422
-0.01854
-0.13736
-0.06078
0.07934
0.09202
0.02727
-0.04449
-0.1096
-0.1256
-0.11848
-0.11294
-0.10178
-0.09768
-0.09717
-0.0855
-0.05623
-0.03317
-0.0244
-0.01282
-0.00212
0.00633
0.01752
0.04104
0.0548
0.03415
-0.00416
-0.02406
-0.03475
-0.02579
0.04794
0.12225
0.10493
0.04228
0.00972
-0.00283
-0.03391
-0.03128
0.02225
0.00469
-0.09742
-0.18613
-0.2103
-0.13641
0.09318
0.28004
0.17578
-0.06506
-0.11567
0.01146
0.10615
0.07599
-0.02004
-0.09742
-0.15371
-0.16535
-0.07546
0.0676
0.11416
0.01026
-0.11977
-0.09985
-0.0037
0.03871
0.00359
-0.05859
-0.07916
-0.04927
0.00341
0.05719
0.09697
0.08375
0.04586
0.05926
0.10286
0.08523
-0.02839
-0.09616
-0.04592
0.01665
0.01289
-0.02633
-0.0801
-0.09911
-0.08461
-0.06373
-0.02873
0.01619
0.01844
-0.05158
-0.09542
-0.0651
-0.02189
-0.01489
-0.0135
0.00933
0.01938
-0.00139
0.02648
0.10139
0.14607
0.13015
0.07791
0.01599
-0.03195
-0.04073
-0.06883
-0.09581
-0.06883
-0.04166
-0.0509
-0.05691
-0.04051
0.01407
0.05881
0.01153
-0.06028
-0.08665
-0.10074
-0.14417
-0.16326
-0.1176
-0.07633
-0.08304
-0.08169
-0.06183
-0.05565
-0.09938
-0.13463
-0.10939
-0.02848
0.11314
0.24116
0.24364
0.17422
0.12017
0.075
0.04836
0.04628
0.05748
0.07778
0.08268
0.07132
0.05246
0.06578
0.14994
0.2336
0.20085
0.05669
-0.04563
-0.03851
-0.05045
-0.10522
-0.04791
0.06226
0.03178
-0.11494
-0.18959
-0.1699
-0.15029
-0.13981
-0.14339
-0.18704
-0.22306
-0.20297
-0.14137
-0.03789
0.03417
-0.05618
-0.20787
-0.21481
-0.06306
0.04758
0.05563
0.00853
-0.07443
-0.18479
-0.19786
0.08157
0.37324
0.22482
-0.07167
-0.04099
0.23694
0.38624
0.23802
0.04158
-0.04764
-0.06506
-0.03832
0.02856
0.17095
0.2592
0.21436
0.16095
0.15705
0.10894
0.03042
0.01607
0.01192
-0.03773
-0.10502
-0.1545
-0.15891
-0.11384
-0.05545
-0.00847
-0.0116
-0.09426
-0.14188
-0.1016
-0.03966
-0.01808
-0.04758
-0.13151
-0.22441
-0.25565
-0.20377
-0.12816
-0.07549
-0.01779
-0.00911
-0.15516
-0.25354
-0.09471
0.09586
0.07668
-0.0344
-0.05881
0.01614
0.07422
0.08799
0.11358
0.15784
0.16365
0.09009
0.01816
0.0136
0.02234
0.05765
0.2048
0.3356
0.26882
0.08914
-0.0339
-0.09081
-0.08208
0.00064
0.06316
0.02714
-0.10006
-0.20818
-0.18189
0.02164
0.24453
0.25036
0.12353
0.06324
0.08838
0.13536
0.19704
0.23211
0.19682
0.10235
0.05724
0.10909
0.17917
0.15636
0.0474
-0.03716
-0.01435
0.08799
0.11025
0.04108
-0.03691
0.00226
0.15761
0.20803
0.13417
0.06314
0.01942
-0.04944
-0.07833
0.02835
0.14201
0.07953
-0.16797
-0.36091
-0.27864
-0.10381
-0.0917
-0.17355
-0.16277
-0.07888
-0.05261
-0.07239
-0.06978
0.08364
0.35257
0.40795
0.33939
0.31456
0.23951
0.09116
-0.03944
-0.12658
-0.16491
-0.16413
-0.14244
-0.13615
-0.15968
-0.22126
-0.25273
-0.16372
-0.00521
0.04109
-0.07858
-0.17147
-0.1686
-0.18499
-0.2206
-0.20745
-0.20824
-0.29574
-0.35817
-0.33079
-0.30749
-0.34593
-0.39554
-0.40708
-0.42645
-0.48974
-0.55651
-0.54078
-0.412
-0.14482
0.13149
0.02962
-0.27149
-0.27189
0.03147
0.21032
0.17285
0.06887
-0.00559
0.00124
0.08694
0.19031
0.20113
0.13377
0.12653
0.21884
0.30794
0.31221
0.20982
0.12771
0.11776
0.11447
0.07886
0.02729
-0.00478
0.015
0.09327
0.15489
0.15152
0.0913
-0.01752
-0.06494
-0.00005
0.1646
0.24124
0.06597
-0.07687
0.02982
0.21141
0.22211
0.0768
-0.03675
-0.06277
-0.0917
-0.10166
-0.07045
-0.06713
-0.17237
-0.32719
-0.37775
-0.35734
-0.36381
-0.40527
-0.42633
-0.31333
-0.01005
0.15643
0.0108
-0.12508
-0.05132
0.05871
0.10313
0.12855
0.15192
0.14531
0.13074
0.14725
0.18962
0.19838
0.15501
0.13344
0.15898
0.14644
0.03561
-0.08019
-0.10248
-0.09653
-0.04957
0.17275
0.4877
0.53059
0.29448
0.18098
0.23227
0.31152
0.44089
0.53209
0.56265
0.55742
0.4833
0.3831
0.22607
0.02654
-0.01718
0.10644
0.21963
0.25631
0.17833
0.06653
0.05128
0.07409
0.05206
0.0099
-0.04121
-0.13918
-0.22593
-0.2824
-0.35865
-0.45111
-0.49869
-0.44638
-0.14231
0.35833
0.53148
0.24563
-0.00077
0.02863
0.04914
-0.11436
-0.2753
-0.28315
-0.22246
-0.21656
-0.2744
-0.35613
-0.42169
-0.41322
-0.35294
-0.21899
0.08039
0.26428
0.04594
-0.20766
-0.21794
-0.00976
0.1401
0.01017
-0.16242
-0.02559
0.37875
0.46724
0.21039
-0.00073
-0.01261
0.1276
0.27276
0.28432
0.20357
0.10529
0.03962
0.02806
0.09356
0.2052
0.18003
0.06607
0.055
0.13564
0.17198
0.13743
0.09016
0.11763
0.22406
0.26215
0.17452
0.07735
0.04128
0.06166
0.0731
0.03753
-0.00364
-0.04757
-0.16881
-0.31275
-0.35679
-0.31078
-0.28282
-0.28823
-0.28048
-0.275
-0.32201
-0.29453
-0.1196
-0.01942
-0.05237
-0.11212
0.01776
0.46496
0.75039
0.58226
0.37297
0.27945
0.16872
0.07299
0.08146
0.12863
0.19068
0.21697
0.14245
0.07712
0.07749
0.07654
0.06029
0.0765
0.11877
0.14072
0.097
-0.00816
-0.10958
-0.1541
-0.16675
-0.09824
0.08537
0.15063
0.05743
0.00685
0.00321
-0.05534
-0.12589
-0.155
-0.15999
-0.15842
-0.15646
-0.1931
-0.25503
-0.26327
-0.18598
-0.05441
0.07183
0.07702
-0.02565
-0.10772
-0.13577
-0.11596
-0.06482
-0.00528
0.04995
0.08819
0.08921
0.08418
0.13364
0.25443
0.3649
0.31655
0.15843
0.10094
0.13603
0.1348
0.07633
0.01604
-0.04505
-0.10997
-0.15356
-0.13083
-0.03751
0.00547
-0.03136
-0.11997
-0.24415
-0.28039
-0.13595
0.13329
0.38835
0.32437
0.05237
-0.08683
-0.12694
-0.14217
-0.09769
-0.0231
-0.00641
-0.07379
-0.23146
-0.35105
-0.39319
-0.34795
-0.11234
0.28201
0.43654
0.12417
-0.12068
-0.0212
0.06962
-0.01931
-0.08429
-0.01035
0.0591
0.00498
-0.08435
-0.10984
-0.11902
-0.17056
-0.22045
-0.21409
-0.14571
-0.07254
-0.08136
-0.153
-0.18725
-0.17002
-0.16275
-0.17362
-0.13151
-0.02167
0.0488
0.04843
0.07992
0.15348
0.24161
0.30233
0.23821
0.10883
-0.00571
-0.09491
-0.16181
-0.1903
-0.16256
-0.09596
-0.04069
-0.00782
0.05032
0.0985
0.08336
0.07255
0.11066
0.14751
0.15753
0.19449
0.24133
0.27428
0.30099
0.26159
0.17842
0.12484
0.08918
0.07099
0.09698
0.17232
0.27455
0.35776
0.43349
0.47701
0.31811
0.01919
-0.11341
-0.07533
-0.01042
0.04696
0.09429
0.13575
0.19256
0.21699
0.11895
-0.0112
-0.04974
-0.04751
-0.08981
-0.16994
-0.23251
-0.26233
-0.2814
-0.29245
-0.2653
-0.22842
-0.20867
-0.18541
-0.19072
-0.25301
-0.292
-0.27748
-0.1585
0.1071
0.20269
-0.04424
-0.26442
-0.25406
-0.24651
-0.35764
-0.45915
-0.39302
-0.20262
-0.0534
-0.0109
0.02595
0.10695
0.16003
0.19875
0.31086
0.45789
0.60241
0.62972
0.39723
0.04515
-0.13305
-0.21378
-0.23369
-0.00028
0.22592
0.24844
0.28946
0.4486
0.53281
0.36149
0.14577
0.06257
0.35424
0.86395
0.61808
0.05261
-0.00726
0.18217
0.10613
-0.16153
-0.34859
-0.36711
-0.18837
0.07638
0.19323
0.17291
0.11729
0.04172
-0.00978
-0.01692
-0.03093
-0.03228
0.0976
0.32287
0.45677
0.44949
0.31308
0.16287
0.09028
0.07755
0.03061
-0.11766
-0.25833
-0.30181
-0.3552
-0.48968
-0.64498
-0.72629
-0.71868
-0.68716
-0.63152
-0.52005
-0.34841
-0.16023
-0.01674
0.06661
0.06607
0.05121
0.0889
0.12248
0.04313
-0.17776
-0.37444
-0.32189
-0.10209
0.09298
0.11469
0.00508
-0.11065
-0.22084
-0.3531
-0.40314
-0.27043
0.13233
0.52849
0.41113
-0.12555
-0.42955
-0.18885
0.10527
0.10753
-0.00329
-0.04878
-0.03909
0.0144
0.14024
0.1561
0.04188
-0.03715
-0.0473
-0.04477
-0.05087
-0.03568
-0.01655
-0.01822
-0.0356
-0.04293
-0.02333
-0.0109
-0.01794
-0.00672
-0.0101
-0.09073
-0.2036
-0.26463
-0.25114
-0.25536
-0.25651
-0.13215
0.0177
0.04779
-0.08796
-0.26595
-0.27151
-0.17102
-0.11489
-0.11653
-0.12223
-0.12554
-0.12618
-0.10515
-0.09744
-0.1421
-0.18063
-0.17957
-0.20598
-0.28341
-0.28043
-0.19636
-0.22239
-0.31396
-0.35216
-0.32818
-0.20109
0.03054
0.18383
0.06423
-0.12531
-0.14419
-0.07992
-0.09429
-0.14377
-0.13531
-0.04119
0.1058
0.13349
0.02206
-0.06481
-0.05055
-0.00524
-0.01124
-0.10491
-0.26231
-0.28925
-0.15746
-0.08222
-0.1294
-0.19593
-0.16112
-0.03996
0.01731
-0.02636
-0.06728
-0.06079
-0.03813
-0.01866
-0.02287
-0.05731
-0.04166
0.05826
0.12333
0.06995
-0.04513
-0.11166
-0.08561
-0.00399
0.15044
0.25256
0.08209
-0.07964
0.02972
0.36634
0.57532
0.42159
0.23167
0.20986
0.20795
0.1315
0.01322
0.01333
0.16608
0.29436
0.29277
0.19315
0.14299
0.16446
0.15146
0.09469
0.04968
0.01102
-0.03537
-0.14973
-0.32424
-0.37708
-0.30001
-0.14362
-0.1211
-0.27069
-0.35893
-0.27529
-0.1634
-0.16646
-0.25345
-0.27988
-0.18195
-0.09049
-0.09366
-0.12315
-0.12802
-0.16251
-0.2306
-0.31481
-0.43714
-0.50391
-0.44562
-0.34718
-0.34474
-0.23941
0.06182
0.10655
-0.06492
-0.09665
-0.00215
0.04627
0.01689
-0.04368
-0.08132
-0.0876
-0.09217
-0.09505
0.02439
0.37076
0.62129
0.47586
0.27358
0.28339
0.41329
0.57351
0.6404
0.58533
0.51296
0.4644
0.43701
0.40209
0.35941
0.33068
0.29189
0.20541
0.15859
0.16464
0.27198
0.61565
0.80121
0.50447
0.14585
0.15817
0.36263
0.47613
0.49347
0.52304
0.52772
0.45034
0.3511
0.23002
0.07921
-0.01573
-0.00734
0.01355
-0.00056
-0.02129
-0.07477
-0.12123
-0.13413
-0.12955
-0.13909
-0.16621
-0.14493
0.03819
0.2132
0.08604
-0.1016
-0.05343
0.07914
0.09365
0.04678
0.05226
0.11119
0.15956
0.14641
0.09208
0.02344
-0.05259
-0.11471
-0.13079
-0.11772
-0.07746
-0.02108
-0.00645
-0.00402
0.02962
0.11528
0.21692
0.20475
0.08434
-0.03264
-0.06593
-0.01537
0.12151
0.24086
0.2219
0.1536
0.12489
0.11372
0.09949
0.06215
-0.0084
-0.07171
-0.10289
-0.16584
-0.30528
-0.41248
-0.42226
-0.38491
-0.32881
-0.25458
-0.18331
-0.01493
0.19095
0.1731
-0.00357
-0.09836
-0.10209
-0.13537
-0.14077
-0.11066
-0.14424
-0.22266
-0.26912
-0.28731
-0.29825
-0.29656
-0.23292
-0.05399
0.19437
0.31902
0.21429
0.09384
0.12459
0.18357
0.14539
0.04159
-0.03354
0.00543
0.11053
0.18702
0.23054
0.25013
0.29115
0.3325
0.28132
0.21513
0.23144
0.25615
0.19694
0.01231
-0.23961
-0.31212
-0.20115
-0.12305
-0.10338
-0.06821
-0.07665
-0.1519
-0.21911
-0.22124
-0.17709
-0.12019
-0.08724
-0.08764
-0.07609
-0.05763
-0.04651
-0.0542
-0.07426
-0.0945
-0.06184
0.04317
0.04725
-0.12854
-0.31985
-0.33841
-0.20564
-0.03739
0.04401
-0.02337
-0.18741
-0.28954
-0.26172
-0.18016
-0.11327
-0.10566
-0.13803
-0.18248
-0.14368
0.0379
0.20314
0.2163
0.15452
0.16867
0.22877
0.1912
0.16057
0.27574
0.38618
0.33382
0.22085
0.19826
0.20119
0.14429
-0.02672
-0.29649
-0.40321
-0.30082
-0.21613
-0.26339
-0.30802
-0.25315
-0.18024
-0.14856
-0.13054
-0.1011
-0.06509
-0.0599
-0.13342
-0.17908
-0.16637
-0.0781
0.12907
0.26238
0.28105
0.24584
0.19904
0.1192
0.0672
0.08913
0.14061
0.19707
0.23954
0.21184
0.11943
0.04012
0.00935
-0.02574
-0.07002
-0.0764
0.0377
0.20211
0.22505
0.19073
0.24759
0.34235
0.33858
0.25526
0.22976
0.27515
0.31032
0.31837
0.30571
0.26279
0.18724
0.06061
-0.05956
-0.07679
-0.04619
-0.05676
-0.08437
-0.05754
-0.00611
0.01912
0.05334
0.08966
0.0686
-0.00072
-0.05358
-0.08265
-0.12598
-0.19556
-0.25868
-0.26094
-0.24915
-0.21932
-0.08759
0.01747
0.03597
0.10663
0.14486
-0.06757
-0.25039
-0.18354
-0.09122
-0.11989
-0.16905
-0.15948
-0.11869
-0.04792
0.05493
0.09107
0.0713
0.08578
0.12491
0.10843
0.07458
0.07709
0.07868
0.07052
0.06814
0.04231
0.00918
0.00918
0.01295
-0.02247
-0.05581
-0.05453
-0.03722
-0.03299
-0.03412
-0.03136
-0.04646
-0.07172
-0.08305
-0.08067
-0.08245
-0.06967
-0.08956
-0.17874
-0.23967
-0.1833
-0.07454
-0.01119
0.0501
0.0843
0.07351
0.046
0.02339
0.00002
-0.00202
-0.01315
-0.10093
-0.1943
-0.182
-0.10038
-0.06946
-0.10151
-0.08877
-0.00847
0.03768
-0.02088
-0.08241
-0.07003
-0.03236
-0.01094
0.03101
0.04942
-0.00517
-0.06165
-0.02923
0.07501
0.15239
0.14508
0.10553
0.08627
0.09221
0.08873
0.07429
0.08004
0.09654
0.08437
0.04621
0.015
0.00305
-0.04342
-0.13192
-0.15481
-0.12555
-0.11275
-0.07184
-0.00792
-0.02901
-0.0949
-0.09396
-0.03542
-0.0275
-0.10121
-0.15581
-0.14145
-0.12407
-0.14846
-0.17499
-0.17158
-0.15419
-0.14163
-0.13704
-0.13278
-0.12593
-0.1216
-0.11975
-0.1164
-0.11193
-0.1077
-0.08809
-0.04123
0.00314
0.02168
0.029
0.0246
-0.00007
-0.0111
-0.00166
0.00118
-0.00289
0.0034
0.01583
0.0211
0.01174
0.00049
0.00423
0.02127
0.03357
0.04041
0.0428
0.03879
0.03461
0.03065
0.02657
0.02251
0.01637
0.01328
0.01563
0.01657
0.01537
0.0161
0.01747
0.01751
0.01824
0.02054
0.02433
0.02787
0.02961
0.03089
0.03306
0.03528
0.03648
0.03617
0.03437
0.03295
0.03248
0.03168
0.03103
0.03092
0.03137
0.03255
0.03448
0.03453
0.03186
0.02999
0.03031
0.03059
0.03007
0.02966
0.02956
0.02905
0.02812
0.02743
0.02695
0.02637
0.02578
0.02515
0.02445
0.02368
0.02291
0.02236
0.02161
0.02078
0.02008
0.01937
0.01865
0.01787
0.01706
0.01627
0.01549
0.01469
0.01389
0.01307
0.01225
0.01143
0.0106
0.00976
0.00892
0.00808
0.00724
0.00639
0.00554
0.00468
0.00383
0.00297
0.00211
0.00126