0.0066
0.01718
0.01724
0.0173
0.01736
0.01742
0.01747
0.01753
0.01759
0.01764
0.0177
0.01775
0.0178
0.01783
0.01786
0.01791
0.01797
0.01801
0.018
0.01794
0.01796
0.01799
0.01794
0.01793
0.01803
0.0181
0.01796
0.01766
0.01746
0.01745
0.01752
0.01758
0.01739
0.01693
0.01645
0.01654
0.01706
0.01725
0.0167
0.01601
0.01555
0.01538
0.0153
0.01464
0.01339
0.01243
0.0113
0.01144
0.01282
0.01379
0.0139
0.01359
0.01281
0.01151
0.01128
0.01084
0.00771
0.00533
0.00581
0.00584
0.00424
0.00298
0.00275
0.00386
0.0064
0.00885
0.00912
0.00484
-0.00246
-0.00799
-0.00998
-0.00213
0.01111
0.00955
-0.00901
-0.02282
-0.01069
0.01055
0.01198
-0.00427
-0.0102
-0.0067
-0.0163
-0.02526
-0.01648
-0.00339
-0.00072
-0.00562
-0.00839
-0.00791
-0.00796
-0.00329
0.0029
0.00371
-0.00421
-0.01359
-0.02214
-0.03193
-0.02943
-0.01595
-0.00238
-0.00073
-0.00931
-0.0259
-0.03882
-0.03387
-0.01373
0.00657
0.01052
-0.00101
-0.01286
-0.01912
-0.02962
-0.02236
0.00893
0.01353
-0.01853
-0.0392
-0.03577
-0.02949
-0.01601
-0.00042
0.00235
0.00211
0.00126
-0.00624
-0.01391
-0.0123
0.00009
0.00642
-0.00131
-0.01221
-0.0144
-0.02327
-0.03471
-0.0311
-0.00919
0.01034
0.00623
-0.00755
-0.01608
-0.01739
-0.0121
0.005
0.01821
0.00911
-0.02226
-0.04557
-0.0332
0.00145
0.0127
-0.00726
-0.01808
-0.00744
0.00055
-0.00338
-0.00717
-0.00235
0.00156
-0.00697
-0.0176
-0.02582
-0.03158
-0.01955
0.00268
0.00905
0.00346
0.00272
0.00873
0.00676
-0.00298
-0.00368
0.00496
0.00051
-0.01055
-0.01921
-0.02633
-0.02829
-0.02695
-0.01968
-0.00846
-0.00727
-0.01113
-0.00289
0.01723
0.02377
0.0027
-0.01154
-0.00712
-0.00139
-0.00494
-0.00454
-0.0023
-0.00576
-0.01846
-0.03617
-0.03768
-0.00747
0.01863
-0.00266
-0.02618
-0.00765
0.01794
0.01611
0.00702
0.01137
0.00955
0.00322
-0.00156
-0.01171
-0.02914
-0.03928
-0.03342
-0.0065
0.01683
0.01361
0.00001
-0.00233
-0.00264
-0.00236
0.00457
0.01095
0.00855
0.00066
-0.00898
-0.01066
-0.00038
0.00149
-0.01204
-0.02145
-0.01108
0.00925
0.01186
-0.00504
-0.01327
-0.00143
0.01003
0.00566
-0.00416
-0.00753
-0.00314
0.00223
0.00694
0.00956
0.01037
0.00988
0.00193
-0.01476
-0.02688
-0.02251
-0.01366
-0.00305
0.00252
0.00033
0.00484
0.00721
-0.00321
-0.00867
-0.00266
0.00556
0.01209
0.01174
0.00195
-0.01782
-0.03912
-0.03733
-0.00969
0.02084
0.0271
-0.0012
-0.02081
-0.01166
0.00798
0.01159
-0.00058
-0.01205
-0.0127
-0.00162
0.01277
0.01455
0.00507
-0.00379
-0.0146
-0.02844
-0.02046
0.00942
0.02446
0.0085
-0.01385
-0.03097
-0.02827
0.00312
0.03672
0.04599
0.02071
-0.02495
-0.05255
-0.03506
0.00549
0.03689
0.04899
0.01451
-0.0284
-0.03887
-0.02027
0.00676
0.01887
0.01436
-0.00549
-0.02863
-0.03577
-0.01782
0.01898
0.04331
0.03178
-0.0016
-0.02074
-0.01937
-0.01876
-0.01997
-0.00801
0.01514
0.01513
-0.01393
-0.03601
-0.02746
0.00335
0.03102
0.02525
-0.00597
-0.01434
0.00975
0.04316
0.03927
-0.01026
-0.03647
-0.03768
-0.04651
-0.02726
0.02497
0.02813
-0.01322
-0.02973
-0.02045
-0.01109
0.02212
0.06355
0.05498
0.00719
-0.01707
-0.00072
0.0087
-0.0116
-0.0367
-0.03331
-0.01155
0.00255
0.00415
0.00364
0.01077
0.02673
0.03058
0.01313
-0.00576
-0.00578
-0.00583
-0.01696
-0.00474
0.01418
0.00163
-0.02771
-0.03321
-0.0044
0.01458
0.00021
-0.01404
-0.00327
0.01928
0.0358
0.04327
0.03985
0.02748
0.00679
-0.00914
-0.01713
-0.01918
-0.00507
0.01251
0.0193
0.01396
-0.004
-0.02235
-0.03219
-0.01692
0.03399
0.08976
0.08233
0.02428
-0.00828
-0.00564
0.00801
0.02442
0.04037
0.03676
0.01238
0.01493
0.04976
0.06062
0.01948
-0.02333
-0.01155
0.03565
0.07833
0.09722
0.0874
0.07032
0.05834
0.04971
0.04669
0.05473
0.06739
0.07599
0.06657
0.04527
0.01987
-0.00317
-0.01408
-0.00395
0.03022
0.06071
0.0563
0.01786
0.00733
0.04995
0.0737
0.02381
-0.03866
-0.06112
-0.06059
-0.0348
0.0285
0.08928
0.094
0.065
0.02988
0.00083
-0.02932
-0.05192
-0.04046
0.00289
0.01842
-0.02572
-0.07775
-0.08407
-0.05409
-0.0052
0.06511
0.11774
0.07993
0.0131
-0.00074
0.01568
0.01267
-0.00401
-0.01685
-0.05209
-0.09687
-0.09542
-0.05781
-0.03214
-0.04627
-0.08306
-0.10914
-0.10477
-0.08788
-0.06518
-0.0312
-0.038
-0.09174
-0.12358
-0.11515
-0.10619
-0.08518
-0.04593
-0.03301
-0.0468
-0.05724
-0.05669
-0.04557
-0.03594
-0.03995
-0.05261
-0.06066
-0.06017
-0.05821
-0.0371
0.01406
0.0515
0.04337
0.00587
-0.02062
-0.00596
0.00699
0.0249
0.11887
0.22434
0.21783
0.15422
0.13415
0.13199
0.10905
0.11626
0.15446
0.17167
0.15653
0.14239
0.12906
0.11017
0.08545
0.03133
-0.01886
-0.04637
-0.06596
-0.06108
-0.04553
-0.05414
-0.08623
-0.10514
-0.08793
-0.04358
-0.01957
-0.01489
0.0043
0.02423
0.00697
-0.02908
-0.05302
-0.06377
-0.06973
-0.05653
-0.02445
0.01622
0.06565
0.0959
0.08969
0.08419
0.10066
0.12304
0.12676
0.11105
0.06761
0.00124
-0.03967
-0.02193
0.02244
0.02458
-0.00224
-0.0086
0.00248
0.00251
-0.02203
-0.06627
-0.12065
-0.13666
-0.11071
-0.04746
-0.00881
-0.10945
-0.15415
-0.06759
-0.0064
-0.05394
-0.1248
-0.14667
-0.12694
-0.12133
-0.07153
0.00328
-0.05528
-0.10895
-0.0407
0.04108
0.02058
-0.04702
-0.06864
-0.04072
-0.00387
0.03636
0.07381
0.04872
-0.04569
-0.11376
-0.11756
-0.07823
0.0213
0.11446
0.10704
0.02186
-0.03876
-0.04227
-0.01801
0.0198
0.06518
0.10581
0.09122
0.04408
0.03421
0.07275
0.12243
0.14808
0.16762
0.18593
0.18964
0.16789
0.13074
0.09569
0.03494
-0.05636
-0.08337
-0.03397
-0.0036
-0.03221
-0.08803
-0.10189
-0.04069
0.03631
0.05483
0.04473
0.0356
0.00532
-0.02667
-0.03837
-0.04532
-0.01852
0.0352
0.08883
0.0975
0.05657
0.03819
0.02165
0.00554
0.05345
0.13025
0.12987
0.04125
-0.04001
-0.07517
-0.09939
-0.07227
0.03919
0.16546
0.14926
0.00668
-0.10354
-0.16997
-0.16543
-0.07249
-0.01991
-0.04214
-0.07796
-0.08518
-0.07839
-0.0642
-0.02173
0.01525
0.00812
-0.0027
-0.00033
-0.00822
-0.02265
-0.01824
0.00005
-0.00313
-0.04208
-0.10024
-0.12617
-0.06861
0.04673
0.10323
0.04179
-0.04912
-0.07945
-0.07064
-0.06614
-0.05684
-0.01858
0.01785
-0.00968
-0.07483
-0.10408
-0.10706
-0.12798
-0.14124
-0.10845
-0.04378
0.00371
-0.01052
-0.05179
-0.05868
-0.02671
0.00819
0.05426
0.13354
0.1881
0.16232
0.09985
0.07861
0.07871
0.0508
0.03703
0.06851
0.07905
0.02489
-0.05188
-0.07004
-0.04371
-0.04572
-0.06116
-0.03017
0.00679
0.00023
-0.04138
-0.08244
-0.09136
-0.03507
0.03559
0.06467
0.04322
-0.0196
-0.08832
-0.14303
-0.17369
-0.1571
-0.10083
-0.02132
0.0354
-0.01198
-0.09444
-0.10513
-0.07846
-0.0356
0.04092
0.0627
-0.02246
-0.11208
-0.12219
-0.08118
-0.0092
0.08612
0.14545
0.11562
0.03529
-0.00217
0.03836
0.09689
0.11729
0.07471
-0.03882
-0.12189
-0.12945
-0.13122
-0.1405
-0.09182
-0.00141
0.04103
0.00297
-0.07123
-0.11321
-0.11372
-0.09604
-0.03977
0.03651
0.02372
-0.09133
-0.18494
-0.21447
-0.15541
-0.02738
0.05983
0.0455
-0.0323
-0.06057
-0.01736
0.01881
0.02338
0.02153
0.01994
-0.00295
-0.0752
-0.16188
-0.21923
-0.25746
-0.26131
-0.22125
-0.15998
-0.12135
-0.08069
-0.02348
-0.02105
-0.07222
-0.10284
-0.0891
-0.05763
0.01567
0.10786
0.08874
-0.02468
-0.13344
-0.23492
-0.26743
-0.19696
-0.11966
-0.03788
0.08455
0.06888
-0.13131
-0.225
-0.06231
0.1295
0.17089
0.13931
0.11195
0.04874
-0.0206
-0.00177
0.07897
0.10775
0.02975
-0.07926
-0.11099
-0.02743
0.0742
0.11539
0.10298
0.06059
0.04112
0.06195
0.07476
0.06576
0.078
0.11277
0.1062
0.07117
0.04147
-0.00973
-0.03364
0.01665
0.10659
0.18487
0.2403
0.2185
0.1028
-0.00542
-0.00581
0.1076
0.23218
0.26443
0.22413
0.12922
0.00134
-0.08531
-0.08515
-0.04884
-0.06678
-0.14603
-0.23139
-0.26869
-0.25314
-0.21762
-0.18739
-0.16466
-0.14374
-0.10852
-0.05562
-0.02458
-0.01102
0.04116
0.12948
0.22728
0.29666
0.32837
0.33672
0.29427
0.23181
0.1863
0.10725
-0.00294
-0.07068
-0.09073
-0.11508
-0.18128
-0.27503
-0.33285
-0.3055
-0.24335
-0.22823
-0.25751
-0.29921
-0.33201
-0.34006
-0.3043
-0.25634
-0.26514
-0.31126
-0.3018
-0.22774
-0.14838
-0.05951
0.05115
0.11362
0.05295
-0.04635
-0.09366
-0.11939
-0.12959
-0.10054
-0.06375
-0.03262
0.02261
0.08627
0.10806
0.10417
0.15374
0.24453
0.32463
0.39135
0.41043
0.40361
0.44338
0.52321
0.56811
0.56504
0.56893
0.57017
0.53509
0.3662
0.07863
0.0323
0.27473
0.51569
0.53352
0.3773
0.23204
0.1679
0.20166
0.2382
0.16735
-0.01425
-0.21393
-0.29265
-0.34995
-0.50848
-0.57779
-0.49362
-0.4161
-0.36391
-0.27572
-0.2131
-0.26813
-0.32369
-0.24014
-0.07389
0.03036
0.05542
0.03655
-0.04459
-0.13078
-0.14177
-0.10635
0.01485
0.26037
0.33733
0.12999
-0.18205
-0.37628
-0.25046
-0.0462
0.07431
0.33644
0.59527
0.42059
0.06031
-0.03941
-0.05215
-0.11008
-0.10707
-0.05949
-0.01136
0.06493
0.12026
0.14757
0.16897
0.18002
0.21106
0.26067
0.3394
0.38869
0.31567
0.15841
0.00566
-0.15072
-0.29684
-0.29555
-0.24008
-0.24989
-0.23745
-0.13851
-0.0652
0.00044
0.0712
0.25762
0.48871
0.37447
0.14579
0.16519
0.31921
0.36176
0.31676
0.31332
0.33429
0.27697
0.11507
-0.01325
0.01109
0.14031
0.27787
0.27825
0.13465
0.09338
0.24481
0.40179
0.48221
0.54795
0.59
0.5047
0.30361
-0.07144
-0.43963
-0.31094
-0.01841
0.00556
-0.10807
-0.12008
-0.01795
0.05478
0.08114
0.12041
0.09704
0.0064
-0.05057
-0.02783
0.05232
0.15779
0.26101
0.35726
0.43686
0.37792
0.08838
-0.21471
-0.20452
0.06878
0.27401
0.20502
0.0041
-0.07022
-0.01598
-0.0027
-0.09752
-0.30924
-0.52071
-0.48416
-0.32825
-0.25125
-0.16266
-0.06969
-0.17793
-0.38292
-0.4245
-0.34668
-0.35657
-0.42297
-0.44119
-0.42486
-0.46659
-0.57499
-0.65185
-0.60663
-0.44775
-0.20371
0.05528
0.06687
-0.20034
-0.41762
-0.35674
-0.12034
0.0562
0.12435
0.19143
0.1512
-0.04459
-0.22202
-0.18172
-0.03874
0.01656
-0.0036
0.0044
0.02665
0.01067
0.00971
0.0882
0.19453
0.19962
0.13854
0.10127
0.02903
-0.05394
-0.02626
0.07261
0.11176
0.09316
0.08018
0.12005
0.18091
0.18196
0.1254
0.07414
0.08227
0.12982
0.17546
0.19809
0.18262
0.14544
0.14289
0.19904
0.25537
0.22326
0.12493
0.02729
0.00868
0.07979
0.15904
0.19435
0.19667
0.1868
0.19661
0.21787
0.20644
0.19597
0.23564
0.28397
0.28224
0.23753
0.19094
0.17181
0.16432
0.18788
0.24722
0.28472
0.24279
0.13998
0.07877
0.10421
0.17034
0.23527
0.2885
0.26806
0.19698
0.16558
0.1856
0.21107
0.22153
0.24442
0.29212
0.32722
0.28779
0.13385
-0.04529
-0.12198
-0.09556
-0.05606
-0.01253
0.03945
0.08974
0.16403
0.25483
0.18674
0.01246
-0.07285
-0.08658
-0.1818
-0.31013
-0.31731
-0.24077
-0.16757
-0.00737
0.13219
0.03406
-0.10325
-0.08138
-0.03178
-0.0753
-0.13559
-0.14713
-0.1535
-0.18898
-0.24503
-0.27843
-0.25683
-0.21868
-0.21414
-0.24798
-0.26915
-0.24131
-0.18729
-0.14771
-0.1403
-0.13457
-0.09995
-0.04809
-0.01924
-0.03639
-0.06541
-0.07141
-0.07306
-0.0874
-0.11222
-0.15041
-0.18592
-0.20985
-0.24374
-0.27397
-0.25639
-0.17342
-0.09063
-0.02121
0.06112
0.07308
-0.03262
-0.21455
-0.39784
-0.52955
-0.49817
-0.26987
0.03802
0.34602
0.56961
0.49774
0.27562
0.11273
-0.05646
-0.20601
-0.18141
-0.02974
0.09462
0.16665
0.20374
0.21331
0.17285
0.08384
-0.00088
-0.04204
-0.04323
0.00065
0.08343
0.15559
0.1608
0.11964
0.12084
0.15799
-0.05218
-0.54942
-0.70171
-0.41425
-0.21966
-0.19812
0.04246
0.45975
0.53079
0.20084
-0.03636
-0.01583
-0.02761
-0.16878
-0.34799
-0.44743
-0.42399
-0.29293
-0.10504
0.06708
0.22339
0.28065
0.05451
-0.34272
-0.58467
-0.59931
-0.49478
-0.41124
-0.31435
-0.0922
0.15042
0.31915
0.43207
0.35971
0.1904
0.04473
-0.0779
-0.15635
-0.14465
0.08092
0.4077
0.30039
-0.00584
-0.22805
-0.4174
-0.3048
0.04813
0.27535
0.1432
-0.10612
-0.21256
-0.25273
-0.38669
-0.47484
-0.45109
-0.40081
-0.32782
-0.22027
-0.14155
-0.13485
-0.14102
-0.1108
-0.05688
-0.01085
-0.07379
-0.22995
-0.31098
-0.25719
-0.14577
-0.01251
0.10075
0.13867
0.08622
0.01316
-0.06866
-0.18808
-0.31609
-0.29102
-0.11788
0.06815
0.17179
0.04591
-0.12026
-0.12672
-0.09615
-0.04924
0.12929
0.10867
-0.03885
-0.05501
0.02575
0.05455
0.02102
-0.03504
-0.06094
0.04379
0.25502
0.2662
0.10438
0.03581
0.1228
0.19439
0.15051
0.03153
-0.09034
-0.26847
-0.39056
-0.43987
-0.12599
0.36266
0.274
0.21881
0.276
0.23704
0.19048
0.27567
0.39611
0.35143
0.15751
-0.00453
-0.06221
-0.09615
-0.16878
-0.1969
-0.15023
-0.11991
-0.14336
-0.13747
-0.07319
0.10423
0.27095
0.1121
-0.15169
-0.19279
-0.21087
-0.33587
-0.38287
-0.28071
-0.13907
-0.16639
-0.26445
-0.24576
-0.14261
-0.03564
0.01395
-0.05424
-0.1407
-0.12264
-0.03377
-0.01911
-0.09933
-0.18728
-0.22191
-0.2567
-0.2354
-0.1308
0.10666
0.41153
0.33766
0.11632
0.16695
0.29269
0.20571
0.07031
0.04229
0.05369
0.04812
0.05543
0.06277
0.00768
-0.13651
-0.25526
-0.2703
-0.22973
-0.18765
-0.12767
-0.06985
-0.02422
0.03163
0.05193
-0.01189
-0.09646
-0.15052
-0.12432
-0.04385
-0.02733
-0.03001
0.00646
0.08757
0.19077
0.26813
0.23929
0.13178
0.03822
-0.01508
-0.062
-0.11765
-0.10423
0.00687
0.13416
0.22998
0.28818
0.27848
0.2219
0.1794
0.18482
0.23106
0.30354
0.36913
0.38513
0.39097
0.43916
0.5139
0.53001
0.46469
0.37522
0.296
0.17181
0.00823
-0.18685
-0.41025
-0.49544
-0.29054
0.068
0.1628
-0.05581
-0.12488
0.06806
0.20878
0.16425
0.08121
0.04927
-0.00511
-0.07556
0.0303
0.33371
0.42507
0.16958
-0.01606
0.00027
0.02667
0.01641
0.06
0.12823
0.14825
0.11589
0.04557
-0.04139
-0.09595
-0.09044
-0.04928
-0.02006
-0.03448
-0.11551
-0.23386
-0.31045
-0.29384
-0.25405
-0.15777
0.01297
0.06212
0.00954
-0.01328
-0.0129
-0.03311
-0.07149
-0.10465
-0.12059
-0.12565
-0.17233
-0.25749
-0.19199
-0.01622
0.02008
-0.08705
-0.15951
-0.19199
-0.23968
-0.23668
-0.14949
-0.07422
-0.05048
-0.07671
-0.13095
-0.16973
-0.17862
-0.16116
-0.0994
-0.01207
0.01295
-0.03543
-0.10697
-0.16142
-0.17441
-0.13498
-0.05995
-0.0403
-0.09247
-0.12292
-0.10593
-0.10874
-0.23041
-0.45309
-0.51059
-0.42559
-0.41139
-0.4336
-0.25674
-0.02635
-0.16294
-0.38749
-0.35684
-0.22747
-0.1773
-0.11455
-0.00775
-0.05406
-0.20607
-0.24826
-0.19517
-0.13311
-0.06035
0.01328
0.0463
0.0812
0.1321
0.20148
0.28545
0.32957
0.30865
0.30131
0.28418
0.14542
-0.01638
-0.01638
0.02239
-0.02224
-0.06875
0.0768
0.32889
0.26704
0.01695
-0.10353
-0.10789
-0.08345
0.01911
0.08356
-0.00394
-0.10249
-0.05792
0.09613
0.2359
0.36353
0.41373
0.33426
0.26921
0.26919
0.24801
0.16167
0.06869
0.08733
0.18964
0.18699
0.0755
0.02393
0.05853
0.05811
-0.00142
-0.04614
-0.05927
-0.03238
0.09101
0.23162
0.21882
0.10979
0.07931
0.13396
0.17727
0.28671
0.46682
0.44173
0.28052
0.24057
0.28914
0.28027
0.2163
0.1759
0.16277
0.14239
0.12405
0.10388
0.09019
0.11199
0.19883
0.29815
0.29924
0.27178
0.32492
0.37797
0.31745
0.1805
0.09265
0.09201
0.13779
0.2045
0.2949
0.37957
0.356
0.25002
0.14891
0.07111
0.03661
0.02738
0.01725
0.00009
-0.02438
-0.07006
-0.10194
-0.04671
0.0569
0.10494
0.11689
0.16292
0.2156
0.19757
0.13091
0.08126
0.0107
-0.10592
-0.17255
-0.17552
-0.17982
-0.19771
-0.12343
0.12614
0.34716
0.30094
0.13644
0.00868
-0.12618
-0.16556
-0.03971
0.05256
-0.01123
-0.08207
-0.09288
-0.17411
-0.32594
-0.33652
-0.21819
-0.14173
-0.1558
-0.23347
-0.27148
-0.23801
-0.09829
0.06787
0.06171
-0.06908
-0.13582
-0.11017
-0.0665
-0.04367
-0.00913
-0.00329
-0.01659
0.07038
0.13183
0.11239
0.06521
0.03126
0.00272
-0.03979
-0.04986
-0.00655
0.00879
-0.03409
-0.06893
-0.05958
-0.00784
0.07512
0.13415
0.15245
0.11431
0.03484
-0.01789
-0.05123
-0.1204
-0.1562
-0.10507
-0.04434
-0.04274
-0.01577
0.09714
0.18469
0.20259
0.22136
0.25747
0.25198
0.19969
0.14542
0.11225
0.07208
-0.03514
-0.15255
-0.21688
-0.25505
-0.25183
-0.18808
-0.1184
-0.0677
-0.05472
-0.13022
-0.20595
-0.21378
-0.18105
-0.12442
-0.03901
0.00169
-0.04387
-0.1025
-0.1211
-0.14512
-0.19384
-0.20802
-0.13086
0.01302
0.16964
0.26789
0.19714
0.0969
0.09269
0.11465
0.12622
0.10712
0.02059
-0.08499
-0.11959
-0.08881
-0.04681
0.03398
0.14791
0.21511
0.1805
0.07736
0.03576
0.03539
-0.03155
-0.10652
-0.0894
-0.03361
-0.04067
-0.0987
-0.14145
-0.13848
-0.0934
-0.06906
-0.09999
-0.14315
-0.15463
-0.10983
-0.02787
0.099
0.21143
0.13675
-0.03403
-0.11466
-0.11435
-0.14142
-0.18112
-0.15212
-0.10293
-0.11912
-0.16048
-0.16653
-0.1577
-0.13971
-0.07947
0.03357
0.12598
0.16586
0.15129
0.11516
0.06792
-0.05343
-0.15814
-0.0756
0.03972
-0.0024
-0.1193
-0.17105
-0.14154
-0.1059
-0.03946
0.14147
0.31325
0.27305
0.13557
0.06673
0.00459
-0.1492
-0.22513
-0.08626
0.07803
0.09608
-0.03254
-0.10678
-0.01036
0.09242
0.10846
0.10213
0.10501
0.10506
0.0984
0.0866
0.07364
0.05965
0.05099
0.0356
0.00796
-0.02036
-0.03223
-0.02673
-0.03289
-0.04545
-0.04414
-0.01915
0.02069
0.04086
0.04663
0.05615
0.08796
0.10959
0.09517
0.05272
0.00104
-0.04607
-0.11332
-0.17728
-0.16583
-0.07117
0.03132
0.05989
0.00731
-0.03665
-0.03234
-0.0267
-0.04943
-0.06995
-0.07367
-0.07399
-0.07065
-0.0422
0.01617
0.04507
0.03121
0.01737
0.01143
0.00034
-0.02016
-0.05223
-0.08227
-0.08641
-0.06927
-0.0544
-0.05625
-0.05764
-0.05067
-0.04458
-0.02284
0.01924
0.0379
0.0241
0.00425
-0.01861
-0.05925
-0.09571
-0.08001
-0.03963
-0.01895
-0.00173
0.01621
0.00581
-0.01975
-0.03249
-0.03671
-0.04816
-0.06544
-0.06805
-0.04871
-0.03504
-0.03899
-0.0385
-0.02164
-0.00176
-0.00046
-0.01599
-0.02739
-0.02608
-0.02174
-0.02027
-0.01702
-0.01048
-0.00978
-0.02212
-0.0345
-0.03712
-0.03591
-0.0375
-0.03631
-0.02788
-0.02047
-0.01847
-0.016
-0.01288
-0.01415
-0.01877
-0.02141
-0.01835
-0.01165
-0.0084
-0.01083
-0.01149
-0.00585
0.00084
0.00446
0.00608
0.00627
0.00584
0.00589
0.00597
0.00591
0.00698
0.00936
0.01019
0.00842
0.00683
0.00744
0.00988
0.01184
0.01238
0.01233
0.01254
0.01316
0.01394
0.0147
0.01549
0.01626
0.01694
0.01756
0.01817
0.01873
0.01928
0.01982
0.02038
0.02096
0.02155
0.02208
0.02257
0.02304
0.0235
0.02393
0.02433
0.02471
0.02505
0.02536
0.02565
0.02591
0.02614
0.02634
0.02651
0.02666
0.02677
0.02686
0.02692
0.02694
0.02694
0.02691
0.02684
0.02675