0.0066
0.00042019
0.0004086487
0.0003972837
0.0003853705
0.0003740006
0.0003619322
0.000352105
0.0003383261
0.0003243156
0.0003050669
0.0002936851
0.0002882431
0.0002999552
0.0002975343
0.0002680509
0.0002049847
0.0002135853
0.0002415846
0.0002006979
8.598561E-05
7.413639E-05
0.000131365
0.0002871995
0.0006974522
0.001286404
0.001068898
0.0003647804
-0.000190259
-0.000268657
0.0004857777
0.00141474
0.000364664
-0.002783158
-0.005685356
-0.006512203
-0.005463866
-0.001548642
0.002594896
0.0007438499
-0.001429865
0.006945306
0.01851967
0.01331756
-0.004551696
-0.01069854
-0.002468584
0.002607958
-0.003648633
-0.01155461
-0.01608403
-0.01626115
-0.005012353
0.0214308
0.03463029
0.008776046
-0.02002101
-0.02112029
-0.008146193
0.009952473
0.02050172
0.01859625
0.01388305
0.009548801
0.005412
0.006969277
0.01191676
0.01650639
0.02255284
0.01727651
-0.007265112
-0.03878833
-0.05948666
-0.06343527
-0.03749472
0.008976335
0.02618149
0.02222486
0.0272068
0.0483666
0.07431931
0.08123137
0.04778916
-0.02198763
-0.0894447
-0.08373107
-0.02805907
0.001229182
0.006059207
-0.007173082
-0.03485326
-0.06650146
-0.08450641
-0.06361912
0.001590088
0.07258312
0.1046045
0.1010218
0.070561
0.04689783
0.006131967
-0.04353077
0.004646887
0.0923044
0.05563394
-0.06564607
-0.1219276
-0.09909253
-0.09213033
-0.0925583
-0.03468016
-0.001238706
-0.02285286
0.03167062
0.1633211
0.1488505
0.04404884
-0.002784298
-0.0006243075
-0.03011392
-0.05267899
-0.0104415
0.01428585
-0.03314571
-0.0815992
-0.05801863
-0.0109911
0.005404143
0.01222678
0.01088796
-0.03117422
-0.05182652
0.02502011
0.09109258
0.06153975
0.001946336
-0.03285619
-0.05525767
-0.03666431
0.028832
0.04260836
-0.00825488
0.01134861
0.06366566
0.00760578
-0.07897715
-0.07858789
-0.04184503
-0.06542235
-0.103735
-0.05975096
0.0227456
0.05416205
0.07543532
0.1185338
0.1178633
0.0533149
-0.02872413
-0.05121975
0.008274882
0.05677907
0.03957887
-0.01697568
-0.06690568
-0.04885904
0.02440438
-0.003714412
-0.1308009
-0.170069
-0.06803052
0.02102618
0.1144516
0.2425134
0.1712572
-0.001209218
-0.0385233
0.03781148
0.07337945
0.02177711
-0.02708314
-0.0220463
-0.01517367
-0.0393903
-0.08890678
-0.1198956
-0.07621759
0.0176369
0.03164846
-0.007526942
0.01025589
0.08160134
0.1096545
0.05600049
0.01033907
0.008630281
-0.008545585
-0.04593163
-0.07943781
-0.09957526
-0.08661431
-0.02144722
0.02428786
-0.005565663
-0.07571476
-0.1327369
-0.1427275
-0.04622315
0.09177549
0.06628967
-0.07304448
-0.1010768
-0.03445418
0.07423884
0.1568928
0.04155916
-0.1682729
-0.2199589
-0.08205061
0.0900738
0.1633255
0.03820432
-0.06151355
-0.01711475
0.07503729
0.1116158
0.05409128
-0.01214591
-0.02176825
-0.02090985
-0.02609135
-0.0009562821
0.07522943
0.08705943
-0.04272775
-0.04707047
0.0903116
0.120049
0.04673776
0.03612537
0.09119982
0.09773427
0.01779023
-0.03882823
0.0107396
0.0954208
0.1192866
0.06389831
-0.03516029
-0.09560733
-0.1007368
-0.07919645
-0.03206292
0.0424159
0.06131269
-0.01644182
-0.01764135
0.0192683
0.01320278
0.02352029
0.07541814
0.07520548
-0.003196879
-0.05683563
-0.04239207
-0.02420187
-0.0005446433
0.04681724
0.08502097
0.07255185
0.001216732
-0.08442497
-0.1197226
-0.09046166
-0.02120648
0.05734123
0.1355072
0.07995801
-0.07299928
-0.06255851
0.01156535
0.05942346
0.1443231
0.1697431
0.04648818
-0.05917553
-0.01395602
0.07717651
0.08019649
0.004294202
-0.1209011
-0.2214363
-0.1994518
-0.05973969
0.1455067
0.204595
0.003162046
-0.1427316
-0.002934668
0.1652798
0.133293
0.004882942
-0.04328284
-0.0153545
0.003434956
-0.06181605
-0.1804484
-0.2021441
-0.08842445
0.03024963
0.07345188
0.03284685
-0.008748343
0.05980329
0.122678
0.04661158
-0.1386764
-0.2595301
-0.1828535
-0.007112203
0.1451187
0.1188273
-0.01724528
-0.02620358
0.02089919
-0.01882588
-0.04346923
0.015779
0.05634727
0.01847697
-0.03325503
-0.07266986
-0.1053616
-0.02176967
0.1435895
0.1406139
-0.05331968
-0.1886729
-0.03301135
0.2587019
0.3063456
0.07668996
-0.1497654
-0.2518572
-0.1523946
0.08717243
0.2797215
0.1827916
-0.05267617
-0.184527
-0.1458675
0.03236595
0.2220503
0.2502547
0.03824757
-0.1958003
-0.2040652
-0.1220721
-0.001817675
0.1150043
0.01609454
-0.1306776
-0.07195082
0.05420256
0.04623462
-0.06477896
-0.09976117
0.004947583
0.1049711
0.08139052
0.05524665
0.07347986
0.009974224
-0.1297696
-0.2013524
-0.1659137
-0.01927229
0.1268877
0.03456529
-0.1899342
-0.260415
-0.1248328
0.1449985
0.2750177
0.02901309
-0.2958478
-0.2811181
-0.03546149
0.1782026
0.317088
0.2137299
-0.01513874
-0.1859229
-0.1818295
-0.05999929
0.1667172
0.4174042
0.4181163
0.1302136
-0.1193217
-0.2339324
-0.2967967
-0.2548474
-0.07680585
0.1503628
0.1950133
-0.01893801
-0.1100451
0.09942793
0.2473968
0.1042362
-0.08459484
-0.1009827
-0.0476002
-0.05167199
-0.01651091
0.0499561
-0.04015937
-0.2164645
-0.2703343
-0.2024511
-0.1063565
0.0229717
0.2542335
0.3728789
0.168082
-0.1815097
-0.3512093
-0.1708237
0.2390488
0.4766463
0.2567312
-0.04274773
-0.1091234
-0.03303365
0.08004393
0.1273955
0.07358829
-0.08594274
-0.2284239
-0.2534975
-0.2251789
-0.08989774
0.07022638
0.1030515
0.02958908
0.01380262
0.1448339
0.3208615
0.2179054
-0.0334188
-0.098943
-0.02271219
0.04710881
0.07933767
0.07644221
0.05463557
-0.009775723
-0.1230582
-0.2284346
-0.216267
-0.05942617
0.07803719
-0.02605019
-0.1557343
-0.07448056
0.07876593
0.08796346
-0.03241588
-0.1881356
-0.2969933
-0.2440598
-0.03481746
0.1636607
0.136865
-0.09389981
-0.2706688
-0.07461908
0.2651287
0.2917315
0.0678581
-0.07094346
-0.09495994
-0.102068
-0.1337773
-0.1065962
0.0009654718
0.1178115
0.1305808
-0.04250983
-0.2236217
-0.1837505
0.06664298
0.2430605
0.1156383
-0.04498693
-0.01380921
0.08325856
0.1312797
0.139539
0.08936782
0.02458379
0.02285221
0.1323764
0.2168959
0.1658955
0.03953782
-0.1315998
-0.1789475
-0.002474644
0.09689809
-0.02401691
-0.1326019
-0.1016706
-0.04449189
-0.03111353
-0.04048908
-0.01746107
0.05057941
0.04416722
-0.08570247
-0.2043223
-0.3040851
-0.38047
-0.3001672
0.04990483
0.4124757
0.2635202
-0.1242748
-0.1778705
0.1351546
0.42733
0.4790132
0.3004371
0.08124232
-0.1576602
-0.2838477
-0.09086057
0.1858829
0.2282039
0.06659239
-0.1703771
-0.3391003
-0.3589262
-0.1992563
0.1110953
0.3176237
0.239459
0.05309186
-0.01797036
0.08158266
0.1556898
0.08025824
-0.0370045
-0.02022592
0.0817695
0.1476723
0.2172118
0.2774388
0.2014648
0.0968337
0.09690116
0.1327248
0.09695684
0.04686632
0.03757146
-0.02972243
-0.2422038
-0.4416753
-0.4079921
-0.2366612
-0.1104286
-0.1030213
-0.2158863
-0.3646515
-0.4220121
-0.2683681
0.01555412
0.2408281
0.1132522
-0.1342772
-0.1545478
0.1352178
0.6102403
0.7125512
0.2537787
-0.09760589
-0.0589901
-0.04822423
-0.02122638
0.1112948
0.2853985
0.2690908
-0.1178142
-0.4686946
-0.3234134
0.006312897
0.09524457
-0.1048309
-0.3762821
-0.4339755
-0.3561122
-0.2130937
0.1016681
0.3796646
0.4106356
0.2296182
0.1061053
0.09861908
0.1362398
0.1356637
0.1087511
0.1228678
0.1731616
0.1196278
-0.09235943
-0.2560852
-0.2553111
-0.258008
-0.2975517
-0.2784115
-0.1814297
-0.02493867
0.008517821
-0.1526168
-0.2217543
-0.07650208
0.1238009
0.2425485
0.1274469
-0.1241448
-0.05377869
0.2779515
0.29261
0.08513145
0.08302262
0.2001236
0.1498198
0.03117292
0.04166576
0.1432936
0.1759428
0.1088229
-0.01154346
-0.1322212
-0.2276658
-0.2772139
-0.2960942
-0.2698203
-0.07368534
0.2186679
0.2252374
0.009856863
0.01921718
0.1461808
0.02333916
-0.1290182
0.1232636
0.4373964
0.2530491
-0.067708
-0.05587961
0.06490308
0.01287016
-0.07901799
-0.04045292
-0.0466513
-0.2364565
-0.3593834
-0.3625728
-0.3122012
-0.1381614
0.2539748
0.6040218
0.3346581
-0.1229666
-0.1520997
-0.05765046
-0.1985717
-0.3630538
-0.09631948
0.3054096
0.136177
-0.2155778
-0.2025878
0.2322732
0.7436236
0.5760543
-0.05220273
-0.2584074
-0.1469346
-0.2341305
-0.2833836
0.02970142
0.3356487
0.1137525
-0.1106678
0.05692725
0.1932623
0.3659286
0.7242013
0.6953105
0.2969004
-0.03763159
-0.008297732
0.1849658
0.1372778
-0.1758986
-0.3836976
-0.3831986
-0.4294131
-0.2381504
0.3280454
0.1811805
-0.3789936
-0.4955855
-0.2918563
-0.4023916
-0.2813561
0.4605042
0.2961517
-0.4807548
-0.585859
-0.09451622
0.29228
0.1894753
-0.1540288
-0.3389922
-0.1758674
0.2022167
0.5364142
0.6617303
0.413183
0.1389459
0.1292515
0.1447798
-0.006782727
-0.2092536
-0.3279869
-0.4247205
-0.4923112
-0.2334748
0.3174939
0.3802129
-0.155136
-0.4368717
-0.2350487
-0.09250174
-0.1884233
-0.2563371
0.259718
1.033891
0.7322862
-0.1474645
-0.3178361
-0.0855256
-0.2983171
-0.7175647
-0.2198213
1.04414
0.7357665
-0.6025589
-0.8085057
-0.3018487
-0.3726122
-0.4793083
0.3196812
0.6586727
-0.09929096
-0.1197425
0.7900611
1.035598
0.4442847
0.01893386
0.01363467
0.0138223
-0.26154
-0.6399356
-0.8351876
-0.7599017
-0.424622
0.2007196
0.5441787
0.1419485
-0.3148759
-0.3760935
-0.3243775
-0.4988396
-0.2293928
0.975427
1.385713
0.5981717
0.05834412
0.1853649
0.304232
0.04459683
-0.2902218
-0.5101038
-0.5634651
-0.2850368
0.1955456
0.005489446
-0.5447935
-0.669477
-0.5116612
-0.4889704
-0.01091717
0.9921001
0.6449974
-0.3394087
-0.3447516
0.1156856
-0.005209139
-0.1096593
0.4502503
0.5484692
0.5310667
0.6540432
0.06500779
-0.6868207
-0.7961961
-0.2704382
0.3662587
0.7702777
0.5403195
0.03723566
-0.2590375
-0.2183741
-0.03487236
0.08832713
0.1242157
0.07679241
-0.03287914
-0.1287699
-0.2209891
-0.3080504
-0.3421002
-0.2680878
-0.2363264
-0.09346563
0.3446295
0.4616233
0.1664282
0.004283627
0.1306942
0.2784411
0.2589423
0.1722422
0.1120966
0.0622774
0.005279882
-0.01717025
0.02556831
-0.007155473
-0.235994
-0.4511003
-0.5401733
-0.559546
-0.5530961
-0.4005352
-0.03033876
0.1396037
-0.1141448
-0.2823213
0.06239419
0.3491225
0.1346602
-0.1386768
-0.2063581
-0.2632212
-0.1277841
0.5670225
1.224797
0.767527
-0.09736746
-0.357934
-0.2799464
-0.3417619
0.0959966
0.7520434
0.2940742
-0.4144842
-0.4017208
-0.009120588
0.3659086
0.253391
-0.1575144
-0.5151296
-0.5507002
-0.4062931
0.104304
0.9561235
0.6668085
-0.2023406
-0.2662256
0.2055581
0.3824464
0.06982584
-0.2291187
-0.2336183
-0.1017236
0.001058122
0.06876475
0.1330009
0.02803359
-0.1894841
-0.2713414
-0.07236909
0.4224999
0.6789445
0.1894535
-0.4292931
-0.5297383
-0.2448957
0.1035035
0.4126759
0.4191548
0.07963268
-0.1906778
-0.1999311
-0.2660664
-0.3541285
-0.2844082
-0.2700423
-0.4766301
-0.6211948
-0.4783778
0.03314256
0.5942188
0.4942653
-0.037985
-0.2324569
-0.1039936
0.00367748
0.1023591
0.2978456
0.4176971
0.3108481
-0.01177652
-0.2401856
-0.3559178
-0.4821086
-0.6369501
-0.1536666
0.6790174
0.3059795
0.1625155
0.7501574
0.7627412
0.0735847
-0.3652151
-0.425165
-0.5072708
-0.4068042
0.2498309
0.7905153
0.1901451
-0.6454696
-0.6873356
-0.3477536
-0.1230103
0.1545314
0.482073
0.4886379
0.2681059
0.1834543
0.2468558
0.1525534
-0.06423562
-0.04720537
0.110135
0.04086554
-0.2145258
-0.3352276
-0.3060896
-0.2810414
-0.2042542
-0.04174642
0.03317699
0.03939576
0.0733909
-0.08850172
-0.2956518
-0.4084323
-0.4421732
-0.2346061
0.169684
0.3294801
0.04818922
-0.1285969
0.06180137
0.2325571
0.1482116
-0.005451963
-0.06237514
-0.08604749
-0.117695
0.006754786
0.2681484
0.4668212
0.6664404
0.6882383
0.496815
0.3922344
0.4234258
0.3022889
0.006896917
-0.3327061
-0.4761773
-0.2230888
0.238319
0.4616582
0.2183769
0.3276499
0.6858638
0.5165004
-0.02052688
-0.2401246
-0.2130574
-0.3306755
-0.4409262
-0.2209877
0.06983017
-0.1006015
-0.4344164
-0.4860587
-0.3430195
-0.2016722
-0.01589028
0.3875071
0.8995467
0.8840408
0.2090873
-0.233505
-0.2399181
-0.2947478
-0.5074311
-0.5933606
-0.5420533
-0.2880166
0.02442471
-0.2052602
-0.7289562
-0.8877631
-0.6745774
-0.4434931
-0.1695854
0.4748983
0.8845592
0.5696219
0.2250872
0.2577975
0.2163608
-0.1271276
-0.4046245
-0.4789136
-0.5603119
-0.2613734
0.3920345
0.2636291
-0.40283
-0.6098922
-0.3159672
0.2459281
0.9392296
1.225053
0.9424335
0.3560724
-0.06043773
-0.3200375
-0.456415
-0.5946816
-0.4257047
0.1661527
0.2595583
-0.4305499
-0.7094804
-0.2021725
0.3352052
0.5520411
0.705025
0.7691607
0.4385756
0.08133706
-0.0009987442
-0.1199537
-0.4031335
-0.6472878
-0.5367358
-0.02670632
0.3255015
0.1381894
-0.2580547
-0.4586954
-0.4109215
-0.1433662
0.289828
0.3048886
-0.1455256
-0.2927953
0.2538922
0.8151295
0.6118787
0.1127754
0.01923556
0.2381874
0.4107864
0.3843152
0.3074231
0.1880446
-0.01402611
-0.2055771
-0.2882229
-0.3789149
-0.4449032
-0.3587654
0.1814709
0.9640153
0.6963388
-0.1580177
-0.349635
-0.08409404
-0.08939391
0.1347673
0.7888347
0.7179614
-0.1852765
-0.7772918
-0.6496286
-0.07906116
0.3155648
0.125564
-0.3619365
-0.6016028
-0.5053686
-0.2224903
0.1686069
0.545133
0.4520773
-0.1421564
-0.6727768
-0.6969003
-0.3878371
0.2326276
1.171588
1.278663
0.330517
-0.5784835
-0.6512205
-0.5091364
-0.6269566
-0.5327216
0.3332484
1.268269
0.6206148
-0.6108985
-0.6272062
0.2351934
0.5982189
0.2822282
-0.06709173
-0.1512369
-0.1854944
-0.4026791
-0.6448023
-0.6485302
-0.09204798
0.761844
0.586861
-0.1477635
-0.3206722
-0.1116329
-0.1742753
-0.4851721
-0.5556658
-0.3427157
-0.1676641
-0.02049892
0.1849205
0.3403442
0.5050608
0.7312127
0.845727
0.6894426
0.4684679
0.2832568
0.08002003
-0.1193049
-0.2936107
-0.3921858
-0.190412
0.365062
0.6312497
0.5841041
0.726235
0.6856331
0.2993159
-0.02260032
-0.01112221
0.2635221
0.4053971
0.2324984
0.008891252
-0.04872932
-0.07122333
-0.3010746
-0.6575318
-0.6174839
-0.06257168
0.7513479
1.226055
0.8459786
0.157787
0.04784093
0.1838448
0.02625479
-0.3213397
-0.7656716
-1.146507
-0.9619326
-0.3428905
0.03898888
0.3554454
0.7694322
0.7415882
0.253381
0.007022696
-0.06127252
-0.1894616
-0.4551299
-0.7438406
-0.9718618
-1.057417
-0.9060498
0.04050853
1.476127
0.9800737
-0.5151342
-0.8082908
-0.2789657
-0.2822975
-0.5570813
-0.409722
0.1121529
0.4887429
0.264018
-0.09695883
-0.2405043
-0.4307767
-0.7351315
-0.9986323
-1.004023
-0.7900686
-0.6551237
-0.5369735
-0.2310883
0.1902959
0.5286546
0.3929118
0.04346571
-0.1287412
-0.1728203
-0.2997389
-0.5652819
-0.7130163
-0.8020059
-1.064067
-0.7552707
0.3748375
0.8936476
0.05183648
-0.549211
-0.2633038
-0.1752118
-0.4221769
-0.278073
0.1661984
0.319062
0.01530275
-0.5665179
-0.8508334
-0.1682898
0.6861522
0.863939
0.9965229
1.439215
1.281134
0.7111734
0.5895481
0.7359186
0.5425582
0.284482
0.8966178
1.698214
1.00493
-0.1580621
-0.4565062
-0.4635498
-0.5984573
-0.2871429
0.06877151
0.05163832
0.06566258
0.2703832
0.1199099
-0.2885443
-0.5538325
-0.5869495
-0.479482
-0.09623377
0.1878524
-0.1891462
-0.6676646
-0.6349692
-0.2398557
0.6182539
1.255796
0.6198749
0.06870678
0.786318
1.384543
0.583372
-0.5961953
-0.6562047
-0.07049418
-0.0611926
-0.641142
-0.997948
-1.009077
-0.8407702
-0.4355288
0.2286598
0.6081996
0.01424088
-0.6711361
-0.5769979
-0.3757624
-0.6159083
-0.7679036
-0.4624733
-0.1084205
0.0163443
0.1633574
0.3568926
0.4087234
0.1925121
-0.1446362
-0.2445771
-0.1866876
0.2598291
1.303777
1.33592
0.2155077
-0.3732574
-0.3218819
-0.2895452
-0.09043253
0.3553788
0.5333697
0.2100087
-0.175487
-0.3206845
-0.4072893
-0.5874376
-0.6732454
-0.4038011
0.07406512
0.4987146
0.6169143
0.3294319
-0.0003688563
-0.08939663
0.2203466
0.9799455
1.529019
1.081933
0.1332228
-0.1984767
0.06969237
0.0189467
-0.3431999
-0.08745721
0.289063
0.01958053
-0.4394571
-0.5292103
-0.4536292
0.07839209
0.9504127
0.4542145
-0.7176857
-0.8250059
-0.3930097
-0.3448729
-0.3870379
0.02954111
0.4627168
0.5256595
0.4288087
0.3156403
0.194947
0.166264
0.09421213
-0.02687301
0.01343001
0.1326127
0.06961048
-0.1272274
-0.3351484
-0.4852737
-0.4726145
0.1518801
0.8505574
0.1734534
-0.7426353
-0.4908999
0.2862248
0.3856659
-0.1515558
0.03505658
1.024512
1.143118
0.2846301
-0.2966745
-0.2608123
-0.1330076
-0.1201284
-0.06894315
-0.09133593
-0.3125659
-0.4618298
-0.2485878
-0.01013354
-0.03633869
-0.197511
0.01249478
0.6192197
0.617149
-0.04651256
-0.4024998
-0.4399062
-0.6241323
-0.6157673
0.1744571
1.013299
0.3006438
-0.970282
-1.125966
-0.6695648
0.2356587
1.377701
0.6989754
-0.5828474
-0.6625519
-0.2821962
-0.4298054
-0.2607424
0.9076983
1.693928
0.8276243
-0.3128911
-0.5857572
-0.3507792
-0.3186317
0.09142124
0.9218668
0.7719586
-0.09133642
-0.4150594
-0.3397744
-0.3065962
-0.0976677
0.1516641
0.01606679
-0.2780097
-0.3817307
-0.2384389
0.136365
0.4008425
0.2850738
0.03678628
-0.05551516
-0.05556678
-0.1404915
-0.1616528
0.09833658
0.5941932
0.7118022
0.2129138
-0.3517455
-0.4554142
-0.2560194
0.05624015
0.3914882
0.3238155
-0.06823924
-0.2966925
-0.4078795
-0.6923753
-0.857829
-0.5838225
-0.2443436
-0.1986246
-0.2622025
-0.4366892
-0.6702186
-0.7050761
-0.02862694
1.246321
1.259702
-0.008908485
-0.6250964
-0.1653624
0.2055773
0.3725173
1.00767
1.282343
0.7121908
0.1383944
0.05872882
0.01167075
-0.227603
-0.4163002
-0.1838382
0.2910467
0.2888704
-0.2443146
-0.6897077
-0.767506
-0.6561225
-0.1558271
0.6615715
0.4978405
-0.3779873
-0.6495853
-0.3355611
-0.2604531
-0.435949
-0.333732
-0.07564721
0.1336599
0.3244979
0.2491973
-0.05700171
-0.0604847
0.4822117
1.040733
0.8402168
0.2356523
-0.06416
-0.06117972
-0.1906935
-0.471592
-0.4285416
-0.2054586
-0.1749639
-0.2256413
-0.2645082
-0.3819303
-0.5339679
-0.6056015
-0.537035
-0.133736
0.6726612
1.002104
0.5071021
0.02739923
0.05470106
0.1591674
-0.06053385
-0.3283012
-0.3580682
0.1276872
0.8056621
0.4397125
-0.333551
-0.254012
0.3486368
0.7097189
0.5724582
0.05434256
-0.3215609
-0.3863444
-0.2938583
-0.04072495
0.3401183
0.3113098
-0.1634907
-0.5956913
-0.7093751
-0.5976889
-0.3780176
-0.1874554
-0.07588848
0.1083993
0.3141381
0.2693547
-0.01554601
-0.04135713
0.2777993
0.4453177
0.4475413
0.6422961
0.6628981
0.289691
-0.04611921
-0.1751554
-0.1160777
0.03228462
0.06945403
-0.1347418
-0.3717473
-0.4006992
-0.2386005
-0.1287998
-0.1834564
-0.2052096
0.06298599
0.3539224
0.3295954
0.09585427
-0.1129
-0.3622485
-0.3195835
-0.02045615
0.05202135
-0.01329075
-0.2406252
-0.2428665
0.1221212
0.4035333
0.2825467
0.04257802
0.004322265
0.07011454
0.05768857
0.029359
0.004450595
-0.03495534
-0.03077652
-0.02890644
-0.1080255
-0.2236545
-0.3349077
-0.3704943
-0.2198486
0.1840772
0.5830465
0.3166518
-0.1683357
-0.2380952
-0.06794464
0.03933858
0.09863337
0.1963216
0.2065484
0.05611338
-0.075243
-0.1309481
-0.1689984
-0.2589437
-0.2718345
-0.1066566
0.2012275
0.4390546
0.174044
-0.2980609
-0.4565253
-0.1167925
0.437394
0.4953527
0.0502506
-0.2200485
-0.1712032
-0.07044396
0.1423915
0.3865452
0.2301045
-0.04806954
-0.03840472
0.06949895
0.05209454
0.02288206
0.03379786
0.03621824
-0.002746877
-0.06871213
-0.1689903
-0.2714379
-0.2192096
-0.1049355
-0.01543555
0.1232202
0.1770963
0.02302897
-0.1763907
-0.2825314
-0.2450945
-0.06877166
0.1801251
0.3531561
0.2727431
0.09352928
0.0004730238
-0.04909202
-0.03808257
0.08339495
0.2030182
0.1828953
0.08029738
-0.006206429
-0.06450787
-0.1166332
-0.09661701
0.009883848
0.110135
0.08763945
-0.04237757
-0.1384665
-0.1159577
0.003495651
0.1387637
0.2035677
0.1319832
0.01140939
-0.0854587
-0.09895253
-0.003042832
0.07204744
0.0727392
0.04067907
0.00152865
0.06981282
0.2242907
0.186406
0.05002356
0.08842499
0.1834494
-0.1411857
-0.5473691
-0.3564399
0.08567399
0.2246255
0.06869805
-0.1002404
-0.1099948
-0.09883693
-0.1673648
-0.1350775
0.0149662
0.04350264
-0.04828889
-0.05702517
0.01801703
0.1280166
0.2929586
0.2885029
0.07748743
-0.088708
-0.06619855
0.09244439
0.2444429
0.3230248
0.229751
-0.01338315
-0.1967142
-0.2391626
-0.1467785
0.0582639
0.2335305
0.07774307
-0.2143354
-0.431308
-0.4359354
-0.2517575
0.07764753
0.449518
0.2617119
-0.1439935
-0.1966363
-0.04473636
0.02990433
0.006621966
0.0336384
0.1594943
0.1865745
0.05197113
-0.1035544
-0.180588
-0.09864656
0.1207681
0.3056931
0.1925553
-0.04376735
-0.1206686
-0.1083454
-0.1054957
-0.07224898
-0.008378093
0.05551545
0.04617174
-0.05543431
-0.1243942
-0.08091212
0.006684706
0.05926951
0.05968391
0.0305194
-0.02086438
-0.09350019
-0.186177
-0.1381702
0.102727
0.2492605
0.146536
-0.0277523
-0.06425009
0.002537996
0.0444038
0.01962968
-0.001587834
0.04669524
0.131697
0.1212152
0.009127471
-0.1009288
-0.1673519
-0.06384216
0.1607971
0.3321093
0.2869505
0.1046018
-0.1529597
-0.4196305
-0.311398
0.01714035
0.1560348
0.1247807
0.06626872
-0.04690955
-0.1869971
-0.2574566
-0.1927836
-0.09965573
-0.01532416
0.1106867
0.1776053
0.1082189
-0.02490811
-0.0602973
-0.02658981
-0.02520653
0.0635969
0.2443907
0.2525149
-0.01663614
-0.2709539
-0.2149627
0.07232639
0.1515145
-0.1064785
-0.2878626
-0.1316961
0.05697163
0.03102898
-0.03807963
-0.0004084745
0.06846427
0.04012661
-0.0742528
-0.1093551
-0.04571707
-0.02070966
-0.05630611
-0.0788684
-0.05551198
-0.02792055
-0.02250484
-0.01994879
-0.01340586
-0.006993578
0.003269979
0.0495638
0.1406756
0.167107
0.09948355
0.01580941
-0.0788371
-0.171966
-0.1837026
-0.1452278
-0.08911631
0.006570745
0.06541633
0.08145846
0.0862736
0.05438466
-0.005179968
-0.0478573
-0.07276286
-0.07865158
-0.1014089
-0.1386777
-0.09031805
0.05374394
0.1712953
0.2274758
0.256506
0.2152808
0.04528181
-0.2031391
-0.3637164
-0.1620978
0.1533302
0.273176
0.2044815
0.04948127
-0.005661617
0.03619045
0.01853535
-0.06614037
-0.09536674
-0.06767299
-0.08458496
-0.1357852
-0.1562599
-0.134284
-0.1114067
-0.0565093
0.05638896
0.07893671
0.01160691
-0.049203
-0.0687631
-0.06679304
-0.006270629
0.09898567
0.07356754
-0.1164692
-0.218856
-0.09328944
0.1083067
0.146141
0.03486284
-0.03321584
-0.007519408
0.04896155
0.0993286
0.1114847
0.09886876
0.1087699
0.1112171
-0.04736329
-0.246989
-0.1648602
0.01350613
0.04373158
0.02130338
0.05923554
0.09410288
0.0003920004
-0.1142926
-0.04813406
0.08972232
0.1416008
0.08326974
-0.02523321
-0.09959721
-0.09997012
-0.05417476
-0.02545959
0.01035441
0.05697609
0.0172008
-0.03443804
0.02192162
0.1120462
0.02636812
-0.1149241
-0.05104688
0.1009344
0.126969
-0.02798208
-0.1501678
-0.03672056
0.09187041
0.08325351
0.01453822
-0.0512923
-0.07170645
-0.008880682
0.06266765
0.06771678
0.02282864
-0.01692878
-0.02793094
-0.0298503
-0.02361947
-0.000933153
0.03148646
0.04142654
0.01385829
-0.0050748
0.007459746
0.009305436
-0.01514072
-0.02075163
0.00737744
0.02954201
0.02068464
0.0009751653
-0.006406985
-0.002526073
0.004930032
0.02012349
0.03842127
0.02984159
0.01116786
0.01157802
0.0219131
0.01905974
-6.153163E-05
-0.01347305
-0.007080921
0.004531308
0.007750797
0.008232414
0.007968345
0.002954012
-0.001069345
0.001620606
0.008185872
0.008827621
0.003396772
0.0009679649
0.004172086
0.00648424
0.004548292
0.002730726
0.003312541
0.003848947
0.003135859
0.00257046
0.002331812
0.001652771
0.001084581
0.001163269
0.001393834
0.001487495
0.001395348
0.0008586078
0.0003723411
0.0001956714
0.0001016231
-3.856519E-05
-0.0001886856
-0.0003202411
-0.0004840865
-0.000708597
-0.0009319919
-0.001106189
-0.001226625
-0.001326587
-0.001440267
-0.001560603
-0.001674238
-0.001776877
-0.001867222
-0.001946794
-0.002016837
-0.002080362
-0.002138143
-0.002188961
-0.002232221
-0.002268258
-0.002297257
-0.002319331
-0.002334622
-0.002343277
-0.002345427
-0.002341206
-0.002330755
